1 1,1428571428571428 1,2857142857142858 0,7142857142857143 0,2857142857142857 
0 -1,7142857142857144 -2,4285714285714284 -4,571428571428571 -6,428571428571429 
0 -1,5714285714285716 -2,1428571428571423 -4,857142857142858 -7,142857142857143 
0 -0,8571428571428572 -1,7142857142857142 -3,2857142857142856 -4,714285714285714 

1 1,1428571428571428 1,2857142857142858 0,7142857142857143 0,2857142857142857 
-0 1 1,9999999999999998 3,833333333333333 5,5 
0 0 -1,0000000000000004 -1,166666666666666 -1,5000000000000009 
0 0 -1 -2 -3 

1 1,1428571428571428 1,2857142857142858 0,7142857142857143 0,2857142857142857 
-0 1 1,9999999999999998 3,833333333333333 5,5 
-0 -0 1 2 3 
0 0 0 -0,8333333333333348 -1,5000000000000004 

1 1,1428571428571428 1,2857142857142858 0,7142857142857143 0,2857142857142857 
-0 1 1,9999999999999998 3,833333333333333 5,5 
-0 -0 1 2 3 
-0 -0 -0 1 1,7999999999999974 

